1 0.512810
1000 8.123289
2000 10.926060
3000 11.956627
4000 12.335561
5000 12.474893
6000 12.526125
7000 12.544963
8000 12.551890
9000 12.554437
10000 12.555373
11000 12.555717
12000 12.555844
13000 12.555891
14000 12.555908
15000 12.555914
16000 12.555916
17000 12.555917
18000 12.555917
19000 12.555918
20000 12.555918
21000 12.555918
22000 12.555918
23000 12.555918
24000 12.555918
25000 12.555918
26000 12.555918
27000 12.555918
28000 12.555918
29000 12.555918
30000 12.555918
31000 12.555918
32000 12.555918
33000 12.555918
34000 12.555918
35000 12.555918
36000 12.555918
37000 12.555918
38000 12.555918
39000 12.555918
40000 12.555918
41000 12.555918
42000 12.555918
43000 12.555918
44000 12.555918
45000 12.555918
46000 12.555918
47000 12.555918
48000 12.555918
49000 12.555918
50000 12.555918
51000 12.555918
52000 12.555918
53000 12.555918
54000 12.555918
55000 12.555918
56000 12.555918
57000 12.555918
58000 12.555918
59000 12.555918
60000 12.555918
61000 12.555918
62000 12.555918
63000 12.555918
64000 12.555918
65000 12.555918
66000 12.555918
67000 12.555918
68000 12.555918
69000 12.555918
70000 12.555918
71000 12.555918
72000 12.555918
73000 12.555918
74000 12.555918
75000 12.555918
76000 12.555918
77000 12.555918
78000 12.555918
79000 12.555918
80000 12.555918
81000 12.555918
82000 12.555918
83000 12.555918
84000 12.555918
85000 12.555918
86000 12.555918
87000 12.555918
88000 12.555918
89000 12.555918
90000 12.555918
91000 12.555918
92000 12.555918
93000 12.555918
94000 12.555918
95000 12.555918
96000 12.555918
97000 12.555918
98000 12.555918
99000 12.555918
100000 12.555918
101000 12.555918
102000 12.555918
103000 12.555918
104000 12.555918
105000 12.555918
106000 12.555918
107000 12.555918
108000 12.555918
109000 12.555918
110000 12.555918
111000 12.555918
112000 12.555918
113000 12.555918
114000 12.555918
115000 12.555918
116000 12.555918
117000 12.555918
118000 12.555918
119000 12.555918
120000 12.555918
121000 12.555918
122000 12.555918
123000 12.555918
124000 12.555918
125000 12.555918
126000 12.555918
127000 12.555918
128000 12.555918
129000 12.555918
130000 12.555918
131000 12.555918
132000 12.555918
133000 12.555918
134000 12.555918
135000 12.555918
136000 12.555918
137000 12.555918
138000 12.555918
139000 12.555918
140000 12.555918
141000 12.555918
142000 12.555918
143000 12.555918
144000 12.555918
145000 12.555918
146000 12.555918
147000 12.555918
148000 12.555918
149000 12.555918
150000 12.555918
151000 12.555918
152000 12.555918
153000 12.555918
154000 12.555918
155000 12.555918
156000 12.555918
157000 12.555918
158000 12.555918
159000 12.555918
160000 12.555918
161000 12.555918
162000 12.555918
163000 12.555918
164000 12.555918
165000 12.555918
166000 12.555918
167000 12.555918
168000 12.555918
169000 12.555918
170000 12.555918
171000 12.555918
172000 12.555918
173000 12.555918
174000 12.555918
175000 12.555918
176000 12.555918
177000 12.555918
178000 12.555918
179000 12.555918
180000 12.555918
181000 12.555918
182000 12.555918
183000 12.555918
184000 12.555918
185000 12.555918
186000 12.555918
187000 12.555918
188000 12.555918
189000 12.555918
190000 12.555918
191000 12.555918
192000 12.555918
193000 12.555918
194000 12.555918
195000 12.555918
196000 12.555918
197000 12.555918
198000 12.555918
199000 12.555918
200000 12.555918
201000 12.555918
202000 12.555918
203000 12.555918
204000 12.555918
205000 12.555918
206000 12.555918
207000 12.555918
208000 12.555918
209000 12.555918
210000 12.555918
211000 12.555918
212000 12.555918
213000 12.555918
214000 12.555918
215000 12.555918
216000 12.555918
217000 12.555918
218000 12.555918
219000 12.555918
220000 12.555918
221000 12.555918
222000 12.555918
223000 12.555918
224000 12.555918
225000 12.555918
226000 12.555918
227000 12.555918
228000 12.555918
229000 12.555918
230000 12.555918
231000 12.555918
232000 12.555918
233000 12.555918
234000 12.555918
235000 12.555918
236000 12.555918
237000 12.555918
238000 12.555918
239000 12.555918
240000 12.555918
241000 12.555918
242000 12.555918
243000 12.555918
244000 12.555918
245000 12.555918
246000 12.555918
247000 12.555918
248000 12.555918
249000 12.555918
250000 12.555918
251000 12.555918
252000 12.555918
253000 12.555918
254000 12.555918
255000 12.555918
256000 12.555918
257000 12.555918
258000 12.555918
259000 12.555918
260000 12.555918
261000 12.555918
262000 12.555918
263000 12.555918
264000 12.555918
265000 12.555918
266000 12.555918
267000 12.555918
268000 12.555918
269000 12.555918
270000 12.555918
271000 12.555918
272000 12.555918
273000 12.555918
274000 12.555918
275000 12.555918
276000 12.555918
277000 12.555918
278000 12.555918
279000 12.555918
280000 12.555918
281000 12.555918
282000 12.555918
283000 12.555918
284000 12.555918
285000 12.555918
286000 12.555918
287000 12.555918
288000 12.555918
289000 12.555918
290000 12.555918
291000 12.555918
292000 12.555918
293000 12.555918
294000 12.555918
295000 12.555918
296000 12.555918
297000 12.555918
298000 12.555918
299000 12.555918
300000 12.555918
301000 12.555918
302000 12.555918
303000 12.555918
304000 12.555918
305000 12.555918
306000 12.555918
307000 12.555918
308000 12.555918
309000 12.555918
310000 12.555918
311000 12.555918
312000 12.555918
313000 12.555918
314000 12.555918
315000 12.555918
316000 12.555918
317000 12.555918
318000 12.555918
319000 12.555918
320000 12.555918
321000 12.555918
322000 12.555918
323000 12.555918
324000 12.555918
325000 12.555918
326000 12.555918
327000 12.555918
328000 12.555918
329000 12.555918
330000 12.555918
331000 12.555918
332000 12.555918
333000 12.555918
334000 12.555918
335000 12.555918
336000 12.555918
337000 12.555918
338000 12.555918
339000 12.555918
340000 12.555918
341000 12.555918
342000 12.555918
343000 12.555918
344000 12.555918
345000 12.555918
346000 12.555918
347000 12.555918
348000 12.555918
349000 12.555918
350000 12.555918
351000 12.555918
352000 12.555918
353000 12.555918
354000 12.555918
355000 12.555918
356000 12.555918
357000 12.555918
358000 12.555918
359000 12.555918
360000 12.555918
361000 12.555918
362000 12.555918
363000 12.555918
364000 12.555918
365000 12.555918
366000 12.555918
367000 12.555918
368000 12.555918
369000 12.555918
370000 12.555918
371000 12.555918
372000 12.555918
373000 12.555918
374000 12.555918
375000 12.555918
376000 12.555918
377000 12.555918
378000 12.555918
379000 12.555918
380000 12.555918
381000 12.555918
382000 12.555918
383000 12.555918
384000 12.555918
385000 12.555918
386000 12.555918
387000 12.555918
388000 12.555918
389000 12.555918
390000 12.555918
391000 12.555918
392000 12.555918
393000 12.555918
394000 12.555918
395000 12.555918
396000 12.555918
397000 12.555918
398000 12.555918
399000 12.555918
400000 12.555918
401000 12.555918
402000 12.555918
403000 12.555918
404000 12.555918
405000 12.555918
406000 12.555918
407000 12.555918
408000 12.555918
409000 12.555918
410000 12.555918
411000 12.555918
412000 12.555918
413000 12.555918
414000 12.555918
415000 12.555918
416000 12.555918
417000 12.555918
418000 12.555918
419000 12.555918
420000 12.555918
421000 12.555918
422000 12.555918
423000 12.555918
424000 12.555918
425000 12.555918
426000 12.555918
427000 12.555918
428000 12.555918
429000 12.555918
430000 12.555918
431000 12.555918
432000 12.555918
433000 12.555918
434000 12.555918
435000 12.555918
436000 12.555918
437000 12.555918
438000 12.555918
439000 12.555918
440000 12.555918
441000 12.555918
442000 12.555918
443000 12.555918
444000 12.555918
445000 12.555918
446000 12.555918
447000 12.555918
448000 12.555918
449000 12.555918
450000 12.555918
451000 12.555918
452000 12.555918
453000 12.555918
454000 12.555918
455000 12.555918
456000 12.555918
457000 12.555918
458000 12.555918
459000 12.555918
460000 12.555918
461000 12.555918
462000 12.555918
463000 12.555918
464000 12.555918
465000 12.555918
466000 12.555918
467000 12.555918
468000 12.555918
469000 12.555918
470000 12.555918
471000 12.555918
472000 12.555918
473000 12.555918
474000 12.555918
475000 12.555918
476000 12.555918
477000 12.555918
478000 12.555918
479000 12.555918
480000 12.555918
481000 12.555918
482000 12.555918
483000 12.555918
484000 12.555918
485000 12.555918
486000 12.555918
487000 12.555918
488000 12.555918
489000 12.555918
490000 12.555918
491000 12.555918
492000 12.555918
493000 12.555918
494000 12.555918
495000 12.555918
496000 12.555918
497000 12.555918
498000 12.555918
499000 12.555918
500000 12.555918
501000 12.555918
502000 12.555918
503000 12.555918
504000 12.555918
505000 12.555918
506000 12.555918
507000 12.555918
508000 12.555918
509000 12.555918
510000 12.555918
511000 12.555918
512000 12.555918
513000 12.555918
514000 12.555918
515000 12.555918
516000 12.555918
517000 12.555918
518000 12.555918
519000 12.555918
520000 12.555918
521000 12.555918
522000 12.555918
523000 12.555918
524000 12.555918
525000 12.555918
526000 12.555918
527000 12.555918
528000 12.555918
529000 12.555918
530000 12.555918
531000 12.555918
532000 12.555918
533000 12.555918
534000 12.555918
535000 12.555918
536000 12.555918
537000 12.555918
538000 12.555918
539000 12.555918
540000 12.555918
541000 12.555918
542000 12.555918
543000 12.555918
544000 12.555918
545000 12.555918
546000 12.555918
547000 12.555918
548000 12.555918
549000 12.555918
550000 12.555918
551000 12.555918
552000 12.555918
553000 12.555918
554000 12.555918
555000 12.555918
556000 12.555918
557000 12.555918
558000 12.555918
559000 12.555918
560000 12.555918
561000 12.555918
562000 12.555918
563000 12.555918
564000 12.555918
565000 12.555918
566000 12.555918
567000 12.555918
568000 12.555918
569000 12.555918
570000 12.555918
571000 12.555918
572000 12.555918
573000 12.555918
574000 12.555918
575000 12.555918
576000 12.555918
577000 12.555918
578000 12.555918
579000 12.555918
580000 12.555918
581000 12.555918
582000 12.555918
583000 12.555918
584000 12.555918
585000 12.555918
586000 12.555918
587000 12.555918
588000 12.555918
589000 12.555918
590000 12.555918
591000 12.555918
592000 12.555918
593000 12.555918
594000 12.555918
595000 12.555918
596000 12.555918
597000 12.555918
598000 12.555918
599000 12.555918
600000 12.555918
601000 12.555918
602000 12.555918
603000 12.555918
604000 12.555918
605000 12.555918
606000 12.555918
607000 12.555918
608000 12.555918
609000 12.555918
610000 12.555918
611000 12.555918
612000 12.555918
613000 12.555918
614000 12.555918
615000 12.555918
616000 12.555918
617000 12.555918
618000 12.555918
619000 12.555918
620000 12.555918
621000 12.555918
622000 12.555918
623000 12.555918
624000 12.555918
625000 12.555918
626000 12.555918
627000 12.555918
628000 12.555918
629000 12.555918
630000 12.555918
631000 12.555918
632000 12.555918
633000 12.555918
634000 12.555918
635000 12.555918
636000 12.555918
637000 12.555918
638000 12.555918
639000 12.555918
640000 12.555918
641000 12.555918
642000 12.555918
643000 12.555918
644000 12.555918
645000 12.555918
646000 12.555918
647000 12.555918
648000 12.555918
649000 12.555918
650000 12.555918
651000 12.555918
652000 12.555918
653000 12.555918
654000 12.555918
655000 12.555918
656000 12.555918
657000 12.555918
658000 12.555918
659000 12.555918
660000 12.555918
661000 12.555918
662000 12.555918
663000 12.555918
664000 12.555918
665000 12.555918
666000 12.555918
667000 12.555918
668000 12.555918
669000 12.555918
670000 12.555918
671000 12.555918
672000 12.555918
673000 12.555918
674000 12.555918
675000 12.555918
676000 12.555918
677000 12.555918
678000 12.555918
679000 12.555918
680000 12.555918
681000 12.555918
682000 12.555918
683000 12.555918
684000 12.555918
685000 12.555918
686000 12.555918
687000 12.555918
688000 12.555918
689000 12.555918
690000 12.555918
691000 12.555918
692000 12.555918
693000 12.555918
694000 12.555918
695000 12.555918
696000 12.555918
697000 12.555918
698000 12.555918
699000 12.555918
700000 12.555918
701000 12.555918
702000 12.555918
703000 12.555918
704000 12.555918
705000 12.555918
706000 12.555918
707000 12.555918
708000 12.555918
709000 12.555918
710000 12.555918
711000 12.555918
712000 12.555918
713000 12.555918
714000 12.555918
715000 12.555918
716000 12.555918
717000 12.555918
718000 12.555918
719000 12.555918
720000 12.555918
721000 12.555918
722000 12.555918
723000 12.555918
724000 12.555918
725000 12.555918
726000 12.555918
727000 12.555918
728000 12.555918
729000 12.555918
730000 12.555918
731000 12.555918
732000 12.555918
733000 12.555918
734000 12.555918
735000 12.555918
736000 12.555918
737000 12.555918
738000 12.555918
739000 12.555918
740000 12.555918
741000 12.555918
742000 12.555918
743000 12.555918
744000 12.555918
745000 12.555918
746000 12.555918
747000 12.555918
748000 12.555918
749000 12.555918
750000 12.555918
751000 12.555918
752000 12.555918
753000 12.555918
754000 12.555918
755000 12.555918
756000 12.555918
757000 12.555918
758000 12.555918
759000 12.555918
760000 12.555918
761000 12.555918
762000 12.555918
763000 12.555918
764000 12.555918
765000 12.555918
766000 12.555918
767000 12.555918
768000 12.555918
769000 12.555918
770000 12.555918
771000 12.555918
772000 12.555918
773000 12.555918
774000 12.555918
775000 12.555918
776000 12.555918
777000 12.555918
778000 12.555918
779000 12.555918
780000 12.555918
781000 12.555918
782000 12.555918
783000 12.555918
784000 12.555918
785000 12.555918
786000 12.555918
787000 12.555918
788000 12.555918
789000 12.555918
790000 12.555918
791000 12.555918
792000 12.555918
793000 12.555918
794000 12.555918
795000 12.555918
796000 12.555918
797000 12.555918
798000 12.555918
799000 12.555918
800000 12.555918
801000 12.555918
802000 12.555918
803000 12.555918
804000 12.555918
805000 12.555918
806000 12.555918
807000 12.555918
808000 12.555918
809000 12.555918
810000 12.555918
811000 12.555918
812000 12.555918
813000 12.555918
814000 12.555918
815000 12.555918
816000 12.555918
817000 12.555918
818000 12.555918
819000 12.555918
820000 12.555918
821000 12.555918
822000 12.555918
823000 12.555918
824000 12.555918
825000 12.555918
826000 12.555918
827000 12.555918
828000 12.555918
829000 12.555918
830000 12.555918
831000 12.555918
832000 12.555918
833000 12.555918
834000 12.555918
835000 12.555918
836000 12.555918
837000 12.555918
838000 12.555918
839000 12.555918
840000 12.555918
841000 12.555918
842000 12.555918
843000 12.555918
844000 12.555918
845000 12.555918
846000 12.555918
847000 12.555918
848000 12.555918
849000 12.555918
850000 12.555918
851000 12.555918
852000 12.555918
853000 12.555918
854000 12.555918
855000 12.555918
856000 12.555918
857000 12.555918
858000 12.555918
859000 12.555918
860000 12.555918
861000 12.555918
862000 12.555918
863000 12.555918
864000 12.555918
865000 12.555918
866000 12.555918
867000 12.555918
868000 12.555918
869000 12.555918
870000 12.555918
871000 12.555918
872000 12.555918
873000 12.555918
874000 12.555918
875000 12.555918
876000 12.555918
877000 12.555918
878000 12.555918
879000 12.555918
880000 12.555918
881000 12.555918
882000 12.555918
883000 12.555918
884000 12.555918
885000 12.555918
886000 12.555918
887000 12.555918
888000 12.555918
889000 12.555918
890000 12.555918
891000 12.555918
892000 12.555918
893000 12.555918
894000 12.555918
895000 12.555918
896000 12.555918
897000 12.555918
898000 12.555918
899000 12.555918
900000 12.555918
901000 12.555918
902000 12.555918
903000 12.555918
904000 12.555918
905000 12.555918
906000 12.555918
907000 12.555918
908000 12.555918
909000 12.555918
910000 12.555918
911000 12.555918
912000 12.555918
913000 12.555918
914000 12.555918
915000 12.555918
916000 12.555918
917000 12.555918
918000 12.555918
919000 12.555918
920000 12.555918
921000 12.555918
922000 12.555918
923000 12.555918
924000 12.555918
925000 12.555918
926000 12.555918
927000 12.555918
928000 12.555918
929000 12.555918
930000 12.555918
931000 12.555918
932000 12.555918
933000 12.555918
934000 12.555918
935000 12.555918
936000 12.555918
937000 12.555918
938000 12.555918
939000 12.555918
940000 12.555918
941000 12.555918
942000 12.555918
943000 12.555918
944000 12.555918
945000 12.555918
946000 12.555918
947000 12.555918
948000 12.555918
949000 12.555918
950000 12.555918
951000 12.555918
952000 12.555918
953000 12.555918
954000 12.555918
955000 12.555918
956000 12.555918
957000 12.555918
958000 12.555918
959000 12.555918
960000 12.555918
961000 12.555918
962000 12.555918
963000 12.555918
964000 12.555918
965000 12.555918
966000 12.555918
967000 12.555918
968000 12.555918
969000 12.555918
970000 12.555918
971000 12.555918
972000 12.555918
973000 12.555918
974000 12.555918
975000 12.555918
976000 12.555918
977000 12.555918
978000 12.555918
979000 12.555918
980000 12.555918
981000 12.555918
982000 12.555918
983000 12.555918
984000 12.555918
985000 12.555918
986000 12.555918
987000 12.555918
988000 12.555918
989000 12.555918
990000 12.555918
991000 12.555918
992000 12.555918
993000 12.555918
994000 12.555918
995000 12.555918
996000 12.555918
997000 12.555918
998000 12.555918
999000 12.555918
1000000 12.555918
