0 0       4.91095470
0 1       4.92325729
0 2       4.96004954
0 3       5.02098752
0 4       5.10549269
0 5       5.21274167
0 6       5.34165277
0 7       5.49087066
0 8       5.65875047
0 9       5.84334350
0 10       6.04238636
0 11       6.25329620
0 12       6.47317442
0 13       6.69882135
0 14       6.92676409
0 15       7.15329934
0 16       7.37455207
0 17       7.58655022
0 18       7.78531404
0 19       7.96695766
0 20       8.12779921
0 21       8.26447429
0 22       8.37404715
0 23       8.45411328
0 24       8.50288700
0 25       8.51926868
0 26       8.50288700
0 27       8.45411328
0 28       8.37404715
0 29       8.26447429
0 30       8.12779921
0 31       7.96695766
0 32       7.78531404
0 33       7.58655022
0 34       7.37455207
0 35       7.15329934
0 36       6.92676409
0 37       6.69882135
0 38       6.47317442
0 39       6.25329620
0 40       6.04238636
0 41       5.84334350
0 42       5.65875047
0 43       5.49087066
0 44       5.34165277
0 45       5.21274167
0 46       5.10549269
0 47       5.02098752
0 48       4.96004954
0 49       4.92325729

1 0       4.92320502
1 1       4.93729646
1 2       4.97611560
1 3       5.03932225
1 4       5.12633963
1 5       5.23634220
1 6       5.36824049
1 7       5.52066388
1 8       5.69194320
1 9       5.88009503
1 10       6.08280990
1 11       6.29744707
1 12       6.52103847
1 13       6.75030435
1 14       6.98168310
1 15       7.21137681
1 16       7.43541371
1 17       7.64972725
1 18       7.85025041
1 19       8.03302243
1 20       8.19430383
1 21       8.33069422
1 22       8.43924671
1 23       8.51757233
1 24       8.56392788
1 25       8.57728149
1 26       8.55735165
1 27       8.50461690
1 28       8.42029563
1 29       8.30629752
1 30       8.16514994
1 31       7.99990436
1 32       7.81402880
1 33       7.61129287
1 34       7.39565186
1 35       7.17113583
1 36       6.94174843
1 37       6.71137913
1 38       6.48373104
1 39       6.26226519
1 40       6.05016098
1 41       5.85029152
1 42       5.66521190
1 43       5.49715805
1 44       5.34805348
1 45       5.21952162
1 46       5.11290105
1 47       5.02926170
1 48       4.96942021
1 49       4.93395285

2 0       4.95984203
2 1       4.97593797
2 2       5.01746800
2 3       5.08409840
2 4       5.17525840
2 5       5.29012532
2 6       5.42760608
2 7       5.58631668
2 8       5.76456104
2 9       5.96031169
2 10       6.17119459
2 11       6.39448091
2 12       6.62708892
2 13       6.86559871
2 14       7.10628263
2 15       7.34515331
2 16       7.57803049
2 17       7.80062663
2 18       8.00864955
2 19       8.19791907
2 20       8.36449279
2 21       8.50479490
2 22       8.61574083
2 23       8.69485030
2 24       8.74034141
2 25       8.75119944
2 26       8.72721555
2 27       8.66899284
2 28       8.57791926
2 29       8.45610960
2 30       8.30632074
2 31       8.13184600
2 32       7.93639583
2 33       7.72397210
2 34       7.49874325
2 35       7.26492665
2 36       7.02668325
2 37       6.78802807
2 38       6.55275842
2 39       6.32440055
2 40       6.10617365
2 41       5.90096971
2 42       5.71134661
2 43       5.53953178
2 44       5.38743347
2 45       5.25665686
2 46       5.14852253
2 47       5.06408504
2 48       5.00414989
2 49       4.96928732

3 0       5.02052649
3 1       5.03882526
3 2       5.08373548
3 3       5.15493325
3 4       5.25185921
3 5       5.37369980
3 6       5.51936426
3 7       5.68745883
3 8       5.87625986
3 9       6.08368840
3 10       6.30728895
3 11       6.54421572
3 12       6.79122987
3 13       7.04471126
3 14       7.30068803
3 15       7.55488659
3 16       7.80280363
3 17       8.03980026
3 18       8.26121659
3 19       8.46250317
3 20       8.63936377
3 21       8.78790210
3 22       8.90476415
3 23       8.98726701
3 24       9.03350558
3 25       9.04242954
3 26       9.01388494
3 27       8.94861760
3 28       8.84823801
3 29       8.71515052
3 30       8.55245234
3 31       8.36380955
3 32       8.15331880
3 33       7.92536360
3 34       7.68447362
3 35       7.43519443
3 36       7.18197310
3 37       6.92906348
3 38       6.68045299
3 39       6.43981078
3 40       6.21045596
3 41       5.99534324
3 42       5.79706293
3 43       5.61785185
3 44       5.45961155
3 45       5.32393091
3 46       5.21211008
3 47       5.12518359
3 48       5.06394059
3 49       5.02894103

4 0       5.10468764
4 1       5.12537080
4 2       5.17431786
4 3       5.25121913
4 4       5.35553365
4 5       5.48646555
4 6       5.64293507
4 7       5.82354550
4 8       6.02654832
4 9       6.24980900
4 10       6.49077687
4 11       6.74646279
4 12       7.01342898
4 13       7.28779532
4 14       7.56526638
4 15       7.84118265
4 16       8.11059830
4 17       8.36838600
4 18       8.60936716
4 19       8.82846355
4 20       9.02086362
4 21       9.18219497
4 22       9.30869232
4 23       9.39735013
4 24       9.44604882
4 25       9.45364543
4 26       9.42002168
4 27       9.34608571
4 28       9.23372762
4 29       9.08573230
4 30       8.90565646
4 31       8.69767930
4 32       8.46643738
4 33       8.21685493
4 34       7.95397997
4 35       7.68283474
4 36       7.40828733
4 37       7.13494817
4 38       6.86709336
4 39       6.60861385
4 40       6.36298857
4 41       6.13327752
4 42       5.92213108
4 43       5.73181074
4 44       5.56421726
4 45       5.42092238
4 46       5.30320088
4 47       5.21206031
4 48       5.14826661
4 49       5.11236387

5 0       5.21151281
5 1       5.23474508
5 2       5.28837346
5 3       5.37210810
5 4       5.48543564
5 5       5.62758955
5 6       5.79751346
5 7       5.99381893
5 8       6.21473992
5 9       6.45808702
5 10       6.72120506
5 11       7.00093888
5 12       7.29361241
5 13       7.59502658
5 14       7.90048170
5 15       8.20482885
5 16       8.50255380
5 17       8.78789461
5 18       9.05499154
5 19       9.29806458
5 20       9.51161090
5 21       9.69061140
5 22       9.83073362
5 23       9.92851691
5 24       9.98152629
5 25       9.98846297
5 26       9.94922277
5 27       9.86489759
5 28       9.73771996
5 29       9.57095538
5 30       9.36875105
5 31       9.13595307
5 32       8.87790577
5 33       8.60024713
5 34       8.30871319
5 35       8.00896238
5 36       7.70642735
5 37       7.40619908
5 38       7.11294467
5 39       6.83085729
5 40       6.56363513
5 41       6.31448415
5 42       6.08613928
5 43       5.88089823
5 44       5.70066277
5 45       5.54698262
5 46       5.42109840
5 47       5.32398059
5 48       5.25636229
5 49       5.21876451

6 0       5.33993379
6 1       5.36586227
6 2       5.42480272
6 3       5.51649217
6 4       5.64045668
6 5       5.79597436
6 6       5.98202933
6 7       6.19725794
6 8       6.43988992
6 9       6.70768759
6 10       6.99788762
6 11       7.30715098
6 12       7.63152732
6 13       7.96644114
6 14       8.30670660
6 15       8.64657773
6 16       8.97983856
6 17       9.29993568
6 18       9.60015200
6 19       9.87381663
6 20      10.11454162
6 21      10.31647245
6 22      10.47453606
6 23      10.58466892
6 24      10.64400760
6 25      10.65102639
6 26      10.60561066
6 27      10.50905950
6 28      10.36401765
6 29      10.17434243
6 30       9.94491687
6 31       9.68142440
6 32       9.39010242
6 33       9.07749269
6 34       8.75020480
6 35       8.41470618
6 36       8.07714826
6 37       7.74323408
6 38       7.41812853
6 39       7.10640907
6 40       6.81205184
6 41       6.53844668
6 42       6.28843352
6 43       6.06435296
6 44       5.86810425
6 45       5.70120500
6 46       5.56484812
6 47       5.45995260
6 48       5.38720586
6 49       5.34709608

7 0       5.48861112
7 1       5.51736375
7 2       5.58222923
7 3       5.68298002
7 4       5.81919633
7 5       5.99022042
7 6       6.19509922
7 7       6.43251660
7 8       6.70071808
7 9       6.99743135
7 10       7.31978805
7 11       7.66425328
7 12       8.02657089
7 13       8.40173354
7 14       8.78398683
7 15       9.16687605
7 16       9.54334251
7 17       9.90587298
7 18      10.24670186
7 19      10.55806041
7 20      10.83246205
7 21      11.06300761
7 22      11.24369036
7 23      11.36967867
7 24      11.43755375
7 25      11.44548276
7 26      11.39331235
7 27      11.28257436
7 28      11.11640301
7 29      10.89937102
7 30      10.63725883
7 31      10.33677614
7 32      10.00525836
7 33       9.65036031
7 34       9.27976813
7 35       8.90094614
7 36       8.52093052
7 37       8.14617603
7 38       7.78245696
7 39       7.43481854
7 40       7.10757234
7 41       6.80432655
7 42       6.52804160
7 43       6.28110172
7 44       6.06539389
7 45       5.88238733
7 46       5.73320794
7 47       5.61870395
7 48       5.53950021
7 49       5.49603963

8 0       5.65591782
8 1       5.68760098
8 2       5.75897972
8 3       5.86987204
8 4       6.01993005
8 5       6.20858404
8 6       6.43497174
8 7       6.69785395
8 8       6.99551938
8 9       7.32568255
8 10       7.68538077
8 11       8.07087818
8 12       8.47758667
8 13       8.90001498
8 14       9.33175795
8 15       9.76553733
8 16      10.19330362
8 17      10.60640433
8 18      10.99581932
8 19      11.35245699
8 20      11.66749830
8 21      11.93276908
8 22      12.14111535
8 23      12.28675374
8 24      12.36556847
8 25      12.37532947
8 26      12.31581228
8 27      12.18880876
8 28      11.99802752
8 29      11.74889300
8 30      11.44826121
8 31      11.10407638
8 32      10.72499708
8 33      10.32002033
8 34       9.89812994
8 35       9.46799028
8 36       9.03770006
8 37       8.61461363
8 38       8.20523053
8 39       7.81514833
8 40       7.44906951
8 41       7.11085092
8 42       6.80358324
8 43       6.52968837
8 44       6.29102429
8 45       6.08898872
8 46       5.92461498
8 47       5.79865583
8 48       5.71165237
8 49       5.66398669

9 0       5.83992438
9 1       5.87461965
9 2       5.95306511
9 3       6.07513584
9 4       6.24057653
9 5       6.44893377
9 6       6.69946969
9 7       6.99105821
9 8       7.32206632
9 9       7.69022493
9 10       8.09249596
9 11       8.52494516
9 12       8.98263273
9 13       9.45953580
9 14       9.94851802
9 15      10.44136120
9 16      10.92887150
9 17      11.40106836
9 18      11.84745784
9 19      12.25738394
9 20      12.62044253
9 21      12.92693406
9 22      13.16832400
9 23      13.33767585
9 24      13.43002076
9 25      13.44263144
9 26      13.37517541
9 27      13.22973314
9 28      13.01067938
9 29      12.72443842
9 30      12.37913568
9 31      11.98417626
9 32      11.54978618
9 33      11.08655238
9 34      10.60499430
9 35      10.11519362
9 36       9.62650006
9 37       9.14732233
9 38       8.68500447
9 39       8.24578084
9 40       7.83479760
9 41       7.45618569
9 42       7.11316938
9 43       6.80819518
9 44       6.54306795
9 45       6.31908367
9 46       6.13715105
9 47       5.99789710
9 48       5.90175351
9 49       5.84902287

10 0       6.03838720
10 1       6.07614722
10 2       6.16216481
10 3       6.29638473
10 4       6.47866758
10 5       6.70870844
10 6       6.98593273
10 7       7.30937000
10 8       7.67750801
10 9       8.08813171
10 10       8.53815490
10 11       9.02345567
10 12       9.53873014
10 13      10.07738197
10 14      10.63146682
10 15      11.19171089
10 16      11.74761996
10 17      12.28769045
10 18      12.79972572
10 19      13.27125102
10 20      13.69000924
10 21      14.04450853
10 22      14.32458384
10 23      14.52192877
10 24      14.63055255
10 25      14.64712171
10 26      14.57115433
10 27      14.40504854
10 28      14.15394224
10 29      13.82541713
10 30      13.42907466
10 31      12.97602204
10 32      12.47831270
10 33      11.94838639
10 34      11.39854967
10 35      10.84052978
10 36      10.28512383
10 37       9.74195431
10 38       9.21933047
10 39       8.72420653
10 40       8.26222125
10 41       7.83779951
10 42       7.45429587
10 43       7.11416113
10 44       6.81911564
10 45       6.57031648
10 46       6.36850955
10 47       6.21416050
10 48       6.10756179
10 49       6.04891477

11 0       6.24874285
11 1       6.28958652
11 2       6.38361705
11 3       6.53086231
11 4       6.73132406
11 5       6.98488121
11 6       7.29116564
11 7       7.64941056
11 8       8.05827339
11 9       8.51563816
11 10       9.01840584
11 11       9.56228584
11 12      10.14160585
11 13      10.74916153
11 14      11.37612970
11 15      12.01206931
11 16      12.64503136
11 17      13.26179315
11 18      13.84822240
11 19      14.38976458
11 20      14.87203273
11 21      15.28146523
11 22      15.60600543
11 23      15.83574942
11 24      15.96350636
11 25      15.98522051
11 26      15.90021508
11 27      15.71123411
11 28      15.42427821
11 29      15.04824960
11 30      14.59444017
11 31      14.07590966
11 32      13.50680853
11 33      12.90170136
11 34      12.27494110
11 35      11.64013459
11 36      11.00972626
11 37      10.39471282
11 38       9.80448803
11 39       9.24680572
11 40       8.72784125
11 41       8.25232722
11 42       7.82373850
11 43       7.44450303
11 44       7.11621863
11 45       6.83986031
11 46       6.61596749
11 47       6.44480436
11 48       6.32649073
11 49       6.26110246

12 0       6.46811074
12 1       6.51201780
12 2       6.61441821
12 3       6.77543650
12 4       6.99524190
12 5       7.27393443
12 6       7.61139844
12 7       8.00712260
12 8       8.45998786
12 9       8.96802828
12 10       9.52817434
12 11      10.13599360
12 12      10.78544953
12 13      11.46870404
12 14      12.17599299
12 15      12.89560456
12 16      13.61398763
12 17      14.31600990
12 18      14.98537442
12 19      15.60518779
12 20      16.15865638
12 21      16.62986971
12 22      17.00461544
12 23      17.27116080
12 24      17.42093252
12 25      17.44903268
12 26      17.35454090
12 27      17.14057316
12 28      16.81409111
12 29      16.38548034
12 30      15.86793815
12 31      15.27672811
12 32      14.62836813
12 33      13.93981996
12 34      13.22774170
12 35      12.50785224
12 36      11.79444039
12 37      11.10003353
12 38      10.43522432
12 39       9.80864017
12 40       9.22703080
12 41       8.69544398
12 42       8.21745868
12 43       7.79544703
12 44       7.43084100
12 45       7.12438572
12 46       6.87636654
12 47       6.68680295
12 48       6.55560615
12 49       6.48270049

13 0       6.69330671
13 1       6.74021208
13 2       6.85123390
13 3       7.02660647
13 4       7.26669259
13 5       7.57185087
13 6       7.94226494
13 7       8.37773235
13 8       8.87741402
13 9       9.43954893
13 10      10.06114465
13 11      10.73766072
13 12      11.46270919
13 13      12.22780275
13 14      13.02218587
13 15      13.83278542
13 16      14.64431455
13 17      15.43955503
13 18      16.19983009
13 19      16.90566150
13 20      17.53758405
13 21      18.07706937
13 22      18.50749329
13 23      18.81506837
13 24      18.98965965
13 25      19.02540759
13 26      18.92109766
13 27      18.68023964
13 28      18.31084857
13 29      17.82494857
13 30      17.23784820
13 31      16.56725611
13 32      15.83231725
13 33      15.05265165
13 34      14.24746989
13 35      13.43482412
13 36      12.63103365
13 37      11.85030272
13 38      11.10452771
13 39      10.40327504
13 40       9.75389907
13 41       9.16176383
13 42       8.63053091
13 43       8.16247940
13 44       7.75882894
13 45       7.42004441
13 46       7.14610780
13 47       6.93674927
13 48       6.79163457
13 49       6.71050982

14 0       6.92086989
14 1       6.97065804
14 2       7.09042476
14 3       7.28052588
14 4       7.54154223
14 5       7.87412663
14 6       8.27880704
14 7       8.75574205
14 8       9.30442861
14 9       9.92336655
14 10      10.60969112
14 11      11.35879308
14 12      12.16395413
14 13      13.01603379
14 14      13.90324963
14 15      14.81109500
14 16      15.72243514
14 17      16.61781353
14 18      17.47598426
14 19      18.27466489
14 20      18.99147979
14 21      19.60503811
14 22      20.09606906
14 23      20.44852186
14 24      20.65053255
14 25      20.69516670
14 26      20.58086500
14 27      20.31154684
14 28      19.89636109
14 29      19.34910882
14 30      18.68739510
14 31      17.93159144
14 32      17.10370447
14 33      16.22624828
14 34      15.32120871
14 35      14.40916939
14 36      13.50864572
14 37      12.63564716
14 38      11.80346395
14 39      11.02265524
14 40      10.30120160
14 41       9.64477826
14 42       9.05710417
14 43       8.54032621
14 44       8.09540452
14 45       7.72247386
14 46       7.42116445
14 47       7.19087365
14 48       7.03098595
14 49       6.94104325

15 0       7.14710459
15 1       7.19960449
15 2       7.32808906
15 3       7.53304531
15 4       7.81529314
15 5       8.17581098
15 6       8.61551148
15 7       9.13496177
15 8       9.73404705
15 9      10.41158152
15 10      11.16487878
15 11      11.98930333
15 12      12.87783512
15 13      13.82068905
15 14      14.80503839
15 15      15.81489462
15 16      16.83119262
15 17      17.83212013
15 18      18.79371173
15 19      19.69070303
15 20      20.49761135
15 21      21.18997935
15 22      21.74569157
15 23      22.14625570
15 24      22.37793383
15 25      22.43261606
15 26      22.30834997
15 27      22.00947203
15 28      21.54632723
15 29      20.93460510
15 30      20.19435859
15 31      19.34880131
15 32      18.42299518
15 33      17.44254288
15 34      16.43238878
15 35      15.41581018
15 36      14.41365275
15 37      13.44383344
15 38      12.52110602
15 39      11.65706120
15 40      10.86031743
15 41      10.13685058
15 42       9.49040977
15 43       8.92297130
15 44       8.43519135
15 45       8.02682842
15 46       7.69711675
15 47       7.44508146
15 48       7.26979333
15 49       7.17056641

16 0       7.36813845
16 1       7.42311953
16 2       7.56012377
16 3       7.77977585
16 4       8.08315070
16 5       8.47157699
16 6       8.94638449
16 7       9.50858813
16 8      10.15850581
16 9      10.89531347
16 10      11.71655031
16 11      12.61759790
16 12      13.59116940
16 13      14.62685671
16 14      15.71079238
16 15      16.82548712
16 16      17.94990102
16 17      19.05979464
16 18      20.12838543
16 19      21.12730655
16 20      22.02783092
16 21      22.80228856
16 22      23.42557424
16 23      23.87662076
16 24      24.13970481
16 25      24.20546045
16 26      24.07149876
16 27      23.74257044
16 28      23.23025393
16 29      22.55220113
16 30      21.73101660
16 31      20.79288071
16 32      19.76604620
16 33      18.67934073
16 34      17.56079528
16 35      16.43649313
16 36      15.32970154
16 37      14.26031260
16 38      13.24458702
16 39      12.29516769
16 40      11.42131174
16 41      10.62928056
16 42       9.92282655
16 43       9.30372100
16 44       8.77227801
16 45       8.32784119
16 46       7.96921232
16 47       7.69501200
16 48       7.50397080
16 49       7.39515550

17 0       7.57999677
17 1       7.63716662
17 2       7.78230422
17 3       8.01617460
17 4       8.34011682
17 5       8.75582508
17 6       9.26506771
17 7       9.86933475
17 8      10.56940951
17 9      11.36486695
17 10      12.25351215
17 11      13.23078507
17 12      14.28917179
17 13      15.41767619
17 14      16.60141696
17 15      17.82141959
17 16      19.05467071
17 17      20.27448883
17 18      21.45124254
17 19      22.55341463
17 20      23.54897199
17 21      24.40696061
17 22      25.09920960
17 23      25.60200250
17 24      25.89756398
17 25      25.97521870
17 26      25.83210575
17 27      25.47337497
17 28      24.91184445
17 29      24.16715433
17 30      23.26450327
17 31      22.23309276
17 32      21.10442723
17 33      19.91062103
17 34      18.68284912
17 35      17.45004969
17 36      16.23794913
17 37      15.06843931
17 38      13.95929942
17 39      12.92422405
17 40      11.97309827
17 41      11.11245030
17 42      10.34601166
17 43       9.67532146
17 44       9.10032363
17 45       8.61991961
17 46       8.23245363
17 47       7.93611983
17 48       7.72929057
17 49       7.61077195

18 0       7.77869212
18 1       7.83769625
18 2       7.99038146
18 3       8.23765115
18 4       8.58110926
18 5       9.02281928
18 6       9.56499562
18 7      10.20961542
18 8      10.95794478
18 9      11.80998104
18 10      12.76382508
18 11      13.81501170
18 12      14.95584255
18 13      16.17478151
18 14      17.45598527
18 15      18.77904798
18 16      20.11903636
18 17      21.44687763
18 18      22.73013701
18 19      23.93418496
18 20      25.02371111
18 21      25.96449589
18 22      26.72531059
18 23      27.27978703
18 24      27.60808625
18 25      27.69820439
18 26      27.54678369
18 27      27.15934460
18 28      26.54991426
18 29      25.74008995
18 30      24.75763366
18 31      23.63473823
18 32      22.40613107
18 33      21.10718544
18 34      19.77219335
18 35      18.43292142
18 36      17.11752912
18 37      15.84988243
18 38      14.64925402
18 39      13.53036609
18 40      12.50370887
18 41      11.57605636
18 42      10.75110018
18 43      10.03013048
18 44       9.41270645
18 45       8.89727501
18 46       8.48171245
18 47       8.16377782
18 48       7.94147815
18 49       7.81335319

19 0       7.96032655
19 1       8.02075094
19 2       8.18019455
19 3       8.43969221
19 4       8.80110388
19 5       9.26685286
19 6       9.83959089
19 7      10.52177629
19 8      11.31515687
19 9      12.22015879
19 10      13.23519514
19 11      14.35592459
19 12      15.57450810
19 13      16.87892981
19 14      18.25246196
19 15      19.67336202
19 16      21.11488698
19 17      22.54569563
19 18      23.93068097
19 19      25.23223512
19 20      26.41190085
19 21      27.43231306
19 22      28.25928807
19 23      28.86388569
19 24      29.22425509
19 25      29.32708456
19 26      29.16850802
19 27      28.75437372
19 28      28.09984671
19 29      27.22838646
19 30      26.17020526
19 31      24.96036262
19 32      23.63667924
19 33      22.23765883
19 34      20.80058848
19 35      19.35995222
19 36      17.94624545
19 37      16.58522686
19 38      15.29759744
19 39      14.09905761
19 40      13.00066787
19 41      12.00942576
19 42      11.12897115
19 43      10.36034140
19 44       9.70271289
19 45       9.15408351
19 46       8.71186869
19 47       8.37339944
19 48       8.13632320
19 49       7.99891685

20 0       8.12120274
20 1       8.18257933
20 2       8.34779359
20 3       8.61799952
20 4       8.99529416
20 5       9.48243674
20 6      10.08249004
20 7      10.79836779
20 8      11.63227818
20 9      12.58506342
20 10      13.65544960
20 11      14.83923863
20 12      16.12849396
20 13      17.51079119
20 14      18.96862098
20 15      20.47904005
20 16      22.01366428
20 17      23.53908193
20 18      25.01773487
20 19      26.40927221
20 20      27.67232817
20 21      28.76662036
20 22      29.65521481
20 23      30.30676747
20 24      30.69753602
20 25      30.81296528
20 26      30.64868470
20 27      30.21081357
20 28      29.51554134
20 29      28.58802727
20 30      27.46073368
20 31      26.17136130
20 32      24.76058700
20 33      23.26980913
20 34      21.73908696
20 35      20.20542102
20 36      18.70147029
20 37      17.25474597
20 38      15.88727022
20 39      14.61564630
20 40      13.45145821
20 41      12.40190449
20 42      11.47057009
20 43      10.65825063
20 44       9.96376002
20 45       9.38467233
20 46       8.91796849
20 47       8.56057583
20 48       8.30980206
20 49       8.16367470

21 0       8.25793895
21 1       8.31975439
21 2       8.48956767
21 3       8.76863466
21 4       9.15926028
21 5       9.66450138
21 6      10.28778756
21 7      11.03244209
21 8      11.90109104
21 9      12.89495987
21 10      14.01307168
21 11      15.25138015
21 12      16.60189211
21 13      18.05185535
21 14      19.58310527
21 15      21.17167363
21 16      22.78776070
21 17      24.39615605
21 18      25.95716064
21 19      27.42801696
21 20      28.76479691
21 21      29.92463791
21 22      30.86816320
21 23      31.56188266
21 24      31.98035287
21 25      32.10788469
21 26      31.93962377
21 27      31.48189062
21 28      30.75174402
21 29      29.77581380
21 30      28.58852483
21 31      27.22989266
21 32      25.74310541
21 33      24.17211266
21 34      22.55942146
21 35      20.94425783
21 36      19.36119659
21 37      17.83930244
21 38      16.40176990
21 39      15.06600405
21 40      13.84405430
21 41      12.74329810
21 42      11.76727168
21 43      10.91655549
21 44      10.18964045
21 45       9.58372247
21 46       9.09539416
21 47       8.72122129
21 48       8.45820623
21 49       8.30415111

22 0       8.36758194
22 1       8.42928933
22 2       8.60237088
22 3       8.88816228
22 4       9.28913776
22 5       9.80859981
22 6      10.45028370
22 7      11.21785703
22 8      12.11430106
22 9      13.14117228
22 10      14.29775815
22 11      15.58016137
22 12      16.98036978
22 13      18.48539147
22 14      20.07655368
22 15      21.72907477
22 16      23.41201708
22 17      25.08871153
22 18      26.71771124
22 19      28.25428271
22 20      29.65238307
22 21      30.86700917
22 22      31.85674610
22 23      32.58630068
22 24      33.02878590
22 25      33.16753190
22 26      32.99723826
22 27      32.52434604
22 28      31.76659031
22 29      30.75178016
22 30      29.51593426
22 31      28.10096198
22 32      26.55211659
22 33      24.91545411
22 34      23.23550957
22 35      21.55335849
22 36      19.90517270
22 37      18.32131615
22 38      16.82596764
22 39      15.43720918
22 40      14.16748701
22 41      13.02433612
22 42      12.01125942
22 43      11.12866378
22 44      10.37477495
22 45       9.74647591
22 46       9.24003618
22 47       8.85171907
22 48       8.57827007
22 49       8.41729979

23 0       8.44771121
23 1       8.50874468
23 2       8.68363881
23 3       8.97378334
23 4       9.38177506
23 5       9.91109842
23 6      10.56571844
23 7      11.34956498
23 8      12.26589399
23 9      13.31652334
23 10      14.50095717
23 11      15.81543379
23 12      17.25195581
23 13      18.79738502
23 14      20.43270420
23 15      22.13255967
23 16      23.86519738
23 17      25.59288769
23 18      27.27289986
23 19      28.85903624
23 20      30.30367437
23 21      31.56019920
23 22      32.58564734
23 23      33.34334051
23 24      33.80526496
23 25      33.95396290
23 26      33.78374192
23 27      33.30107508
23 28      32.52414904
23 29      31.48160813
23 30      30.21062634
23 31      28.75450422
23 32      27.16002645
23 33      25.47482276
23 34      23.74495316
23 35      22.01289262
23 36      20.31602909
23 37      18.68572308
23 38      17.14691523
23 39      15.71821854
23 40      14.41239829
23 41      13.23712624
23 42      12.19589535
23 43      11.28899365
23 44      10.51445563
23 45       9.86893380
23 46       9.34845649
23 47       8.94905881
23 48       8.66729005
23 49       8.50061225

24 0       8.49652833
24 1       8.55631965
24 2       8.73148812
24 3       9.02344899
24 4       9.43486889
24 5       9.96934148
24 6      10.63097427
24 7      11.42386420
24 8      12.35144734
24 9      13.41571949
24 10      14.61634158
24 11      15.94966506
24 12      17.40773717
24 13      18.97736974
24 14      20.63937639
24 15      22.36809453
24 16      24.13130794
24 17      25.89066830
24 18      27.60267891
24 19      29.22025209
24 20      30.69478859
24 21      31.97865946
24 22      33.02790893
24 23      33.80495077
24 24      34.28100903
24 25      34.43806303
24 26      34.27009710
24 27      33.78352344
24 28      32.99673291
24 29      31.93882165
24 30      30.64762739
24 31      29.16727681
24 32      27.54548456
24 33      25.83085303
24 34      24.07039944
24 35      22.30749008
24 36      20.58029930
24 37      18.92084312
24 38      17.35457420
24 39      15.90047363
24 40      14.57154030
24 41      13.37556187
24 42      12.31605073
24 43      11.39324081
24 44      10.60506175
24 45       9.94803139
24 46       9.41803193
24 47       9.01095628
24 48       8.72322815
24 49       8.55221106

25 0       8.51292543
25 1       8.57092193
25 2       8.74479228
25 3       9.03594733
25 4       9.44706719
25 5       9.98177665
25 6      10.64423129
25 7      11.43859165
25 8      12.36837031
25 9      13.43564843
25 10      14.64017548
25 11      15.97838717
25 12      17.44240157
25 13      19.01907752
25 14      20.68924074
25 15      22.42719501
25 16      24.20063540
25 17      25.97106306
25 18      27.69476624
25 19      29.32438005
25 20      30.81097384
25 21      32.10654688
25 22      33.16675022
25 23      33.95360586
25 24      34.43797228
25 25      34.60151387
25 26      34.43797228
25 27      33.95360586
25 28      33.16675022
25 29      32.10654688
25 30      30.81097384
25 31      29.32438005
25 32      27.69476624
25 33      25.97106306
25 34      24.20063540
25 35      22.42719501
25 36      20.68924074
25 37      19.01907752
25 38      17.44240157
25 39      15.97838717
25 40      14.64017548
25 41      13.43564843
25 42      12.36837031
25 43      11.43859165
25 44      10.64423129
25 45       9.98177665
25 46       9.44706719
25 47       9.03594733
25 48       8.74479228
25 49       8.57092193

26 0       8.49652833
26 1       8.55221106
26 2       8.72322815
26 3       9.01095628
26 4       9.41803193
26 5       9.94803139
26 6      10.60506175
26 7      11.39324081
26 8      12.31605073
26 9      13.37556187
26 10      14.57154030
26 11      15.90047363
26 12      17.35457420
26 13      18.92084312
26 14      20.58029930
26 15      22.30749008
26 16      24.07039944
26 17      25.83085303
26 18      27.54548456
26 19      29.16727681
26 20      30.64762739
26 21      31.93882165
26 22      32.99673291
26 23      33.78352344
26 24      34.27009710
26 25      34.43806303
26 26      34.28100903
26 27      33.80495077
26 28      33.02790893
26 29      31.97865946
26 30      30.69478859
26 31      29.22025209
26 32      27.60267891
26 33      25.89066830
26 34      24.13130794
26 35      22.36809453
26 36      20.63937639
26 37      18.97736974
26 38      17.40773717
26 39      15.94966506
26 40      14.61634158
26 41      13.41571949
26 42      12.35144734
26 43      11.42386420
26 44      10.63097427
26 45       9.96934148
26 46       9.43486889
26 47       9.02344899
26 48       8.73148812
26 49       8.55631965

27 0       8.44771121
27 1       8.50061225
27 2       8.66729005
27 3       8.94905881
27 4       9.34845649
27 5       9.86893380
27 6      10.51445563
27 7      11.28899365
27 8      12.19589535
27 9      13.23712624
27 10      14.41239829
27 11      15.71821854
27 12      17.14691523
27 13      18.68572308
27 14      20.31602909
27 15      22.01289262
27 16      23.74495316
27 17      25.47482276
27 18      27.16002645
27 19      28.75450422
27 20      30.21062634
27 21      31.48160813
27 22      32.52414904
27 23      33.30107508
27 24      33.78374192
27 25      33.95396290
27 26      33.80526496
27 27      33.34334051
27 28      32.58564734
27 29      31.56019920
27 30      30.30367437
27 31      28.85903624
27 32      27.27289986
27 33      25.59288769
27 34      23.86519738
27 35      22.13255967
27 36      20.43270420
27 37      18.79738502
27 38      17.25195581
27 39      15.81543379
27 40      14.50095717
27 41      13.31652334
27 42      12.26589399
27 43      11.34956498
27 44      10.56571844
27 45       9.91109842
27 46       9.38177506
27 47       8.97378334
27 48       8.68363881
27 49       8.50874468

28 0       8.36758194
28 1       8.41729979
28 2       8.57827007
28 3       8.85171907
28 4       9.24003618
28 5       9.74647591
28 6      10.37477495
28 7      11.12866378
28 8      12.01125942
28 9      13.02433612
28 10      14.16748701
28 11      15.43720918
28 12      16.82596764
28 13      18.32131615
28 14      19.90517270
28 15      21.55335849
28 16      23.23550957
28 17      24.91545411
28 18      26.55211659
28 19      28.10096198
28 20      29.51593426
28 21      30.75178016
28 22      31.76659031
28 23      32.52434604
28 24      32.99723826
28 25      33.16753190
28 26      33.02878590
28 27      32.58630068
28 28      31.85674610
28 29      30.86700917
28 30      29.65238307
28 31      28.25428271
28 32      26.71771124
28 33      25.08871153
28 34      23.41201708
28 35      21.72907477
28 36      20.07655368
28 37      18.48539147
28 38      16.98036978
28 39      15.58016137
28 40      14.29775815
28 41      13.14117228
28 42      12.11430106
28 43      11.21785703
28 44      10.45028370
28 45       9.80859981
28 46       9.28913776
28 47       8.88816228
28 48       8.60237088
28 49       8.42928933

29 0       8.25793895
29 1       8.30415111
29 2       8.45820623
29 3       8.72122129
29 4       9.09539416
29 5       9.58372247
29 6      10.18964045
29 7      10.91655549
29 8      11.76727168
29 9      12.74329810
29 10      13.84405430
29 11      15.06600405
29 12      16.40176990
29 13      17.83930244
29 14      19.36119659
29 15      20.94425783
29 16      22.55942146
29 17      24.17211266
29 18      25.74310541
29 19      27.22989266
29 20      28.58852483
29 21      29.77581380
29 22      30.75174402
29 23      31.48189062
29 24      31.93962377
29 25      32.10788469
29 26      31.98035287
29 27      31.56188266
29 28      30.86816320
29 29      29.92463791
29 30      28.76479691
29 31      27.42801696
29 32      25.95716064
29 33      24.39615605
29 34      22.78776070
29 35      21.17167363
29 36      19.58310527
29 37      18.05185535
29 38      16.60189211
29 39      15.25138015
29 40      14.01307168
29 41      12.89495987
29 42      11.90109104
29 43      11.03244209
29 44      10.28778756
29 45       9.66450138
29 46       9.15926028
29 47       8.76863466
29 48       8.48956767
29 49       8.31975439

30 0       8.12120274
30 1       8.16367470
30 2       8.30980206
30 3       8.56057583
30 4       8.91796849
30 5       9.38467233
30 6       9.96376002
30 7      10.65825063
30 8      11.47057009
30 9      12.40190449
30 10      13.45145821
30 11      14.61564630
30 12      15.88727022
30 13      17.25474597
30 14      18.70147029
30 15      20.20542102
30 16      21.73908696
30 17      23.26980913
30 18      24.76058700
30 19      26.17136130
30 20      27.46073368
30 21      28.58802727
30 22      29.51554134
30 23      30.21081357
30 24      30.64868470
30 25      30.81296528
30 26      30.69753602
30 27      30.30676747
30 28      29.65521481
30 29      28.76662036
30 30      27.67232817
30 31      26.40927221
30 32      25.01773487
30 33      23.53908193
30 34      22.01366428
30 35      20.47904005
30 36      18.96862098
30 37      17.51079119
30 38      16.12849396
30 39      14.83923863
30 40      13.65544960
30 41      12.58506342
30 42      11.63227818
30 43      10.79836779
30 44      10.08249004
30 45       9.48243674
30 46       8.99529416
30 47       8.61799952
30 48       8.34779359
30 49       8.18257933

31 0       7.96032655
31 1       7.99891685
31 2       8.13632320
31 3       8.37339944
31 4       8.71186869
31 5       9.15408351
31 6       9.70271289
31 7      10.36034140
31 8      11.12897115
31 9      12.00942576
31 10      13.00066787
31 11      14.09905761
31 12      15.29759744
31 13      16.58522686
31 14      17.94624545
31 15      19.35995222
31 16      20.80058848
31 17      22.23765883
31 18      23.63667924
31 19      24.96036262
31 20      26.17020526
31 21      27.22838646
31 22      28.09984671
31 23      28.75437372
31 24      29.16850802
31 25      29.32708456
31 26      29.22425509
31 27      28.86388569
31 28      28.25928807
31 29      27.43231306
31 30      26.41190085
31 31      25.23223512
31 32      23.93068097
31 33      22.54569563
31 34      21.11488698
31 35      19.67336202
31 36      18.25246196
31 37      16.87892981
31 38      15.57450810
31 39      14.35592459
31 40      13.23519514
31 41      12.22015879
31 42      11.31515687
31 43      10.52177629
31 44       9.83959089
31 45       9.26685286
31 46       8.80110388
31 47       8.43969221
31 48       8.18019455
31 49       8.02075094

32 0       7.77869212
32 1       7.81335319
32 2       7.94147815
32 3       8.16377782
32 4       8.48171245
32 5       8.89727501
32 6       9.41270645
32 7      10.03013048
32 8      10.75110018
32 9      11.57605636
32 10      12.50370887
32 11      13.53036609
32 12      14.64925402
32 13      15.84988243
32 14      17.11752912
32 15      18.43292142
32 16      19.77219335
32 17      21.10718544
32 18      22.40613107
32 19      23.63473823
32 20      24.75763366
32 21      25.74008995
32 22      26.54991426
32 23      27.15934460
32 24      27.54678369
32 25      27.69820439
32 26      27.60808625
32 27      27.27978703
32 28      26.72531059
32 29      25.96449589
32 30      25.02371111
32 31      23.93418496
32 32      22.73013701
32 33      21.44687763
32 34      20.11903636
32 35      18.77904798
32 36      17.45598527
32 37      16.17478151
32 38      14.95584255
32 39      13.81501170
32 40      12.76382508
32 41      11.80998104
32 42      10.95794478
32 43      10.20961542
32 44       9.56499562
32 45       9.02281928
32 46       8.58110926
32 47       8.23765115
32 48       7.99038146
32 49       7.83769625

33 0       7.57999677
33 1       7.61077195
33 2       7.72929057
33 3       7.93611983
33 4       8.23245363
33 5       8.61991961
33 6       9.10032363
33 7       9.67532146
33 8      10.34601166
33 9      11.11245030
33 10      11.97309827
33 11      12.92422405
33 12      13.95929942
33 13      15.06843931
33 14      16.23794913
33 15      17.45004969
33 16      18.68284912
33 17      19.91062103
33 18      21.10442723
33 19      22.23309276
33 20      23.26450327
33 21      24.16715433
33 22      24.91184445
33 23      25.47337497
33 24      25.83210575
33 25      25.97521870
33 26      25.89756398
33 27      25.60200250
33 28      25.09920960
33 29      24.40696061
33 30      23.54897199
33 31      22.55341463
33 32      21.45124254
33 33      20.27448883
33 34      19.05467071
33 35      17.82141959
33 36      16.60141696
33 37      15.41767619
33 38      14.28917179
33 39      13.23078507
33 40      12.25351215
33 41      11.36486695
33 42      10.56940951
33 43       9.86933475
33 44       9.26506771
33 45       8.75582508
33 46       8.34011682
33 47       8.01617460
33 48       7.78230422
33 49       7.63716662

34 0       7.36813845
34 1       7.39515550
34 2       7.50397080
34 3       7.69501200
34 4       7.96921232
34 5       8.32784119
34 6       8.77227801
34 7       9.30372100
34 8       9.92282655
34 9      10.62928056
34 10      11.42131174
34 11      12.29516769
34 12      13.24458702
34 13      14.26031260
34 14      15.32970154
34 15      16.43649313
34 16      17.56079528
34 17      18.67934073
34 18      19.76604620
34 19      20.79288071
34 20      21.73101660
34 21      22.55220113
34 22      23.23025393
34 23      23.74257044
34 24      24.07149876
34 25      24.20546045
34 26      24.13970481
34 27      23.87662076
34 28      23.42557424
34 29      22.80228856
34 30      22.02783092
34 31      21.12730655
34 32      20.12838543
34 33      19.05979464
34 34      17.94990102
34 35      16.82548712
34 36      15.71079238
34 37      14.62685671
34 38      13.59116940
34 39      12.61759790
34 40      11.71655031
34 41      10.89531347
34 42      10.15850581
34 43       9.50858813
34 44       8.94638449
34 45       8.47157699
34 46       8.08315070
34 47       7.77977585
34 48       7.56012377
34 49       7.42311953

35 0       7.14710459
35 1       7.17056641
35 2       7.26979333
35 3       7.44508146
35 4       7.69711675
35 5       8.02682842
35 6       8.43519135
35 7       8.92297130
35 8       9.49040977
35 9      10.13685058
35 10      10.86031743
35 11      11.65706120
35 12      12.52110602
35 13      13.44383344
35 14      14.41365275
35 15      15.41581018
35 16      16.43238878
35 17      17.44254288
35 18      18.42299518
35 19      19.34880131
35 20      20.19435859
35 21      20.93460510
35 22      21.54632723
35 23      22.00947203
35 24      22.30834997
35 25      22.43261606
35 26      22.37793383
35 27      22.14625570
35 28      21.74569157
35 29      21.18997935
35 30      20.49761135
35 31      19.69070303
35 32      18.79371173
35 33      17.83212013
35 34      16.83119262
35 35      15.81489462
35 36      14.80503839
35 37      13.82068905
35 38      12.87783512
35 39      11.98930333
35 40      11.16487878
35 41      10.41158152
35 42       9.73404705
35 43       9.13496177
35 44       8.61551148
35 45       8.17581098
35 46       7.81529314
35 47       7.53304531
35 48       7.32808906
35 49       7.19960449

36 0       6.92086989
36 1       6.94104325
36 2       7.03098595
36 3       7.19087365
36 4       7.42116445
36 5       7.72247386
36 6       8.09540452
36 7       8.54032621
36 8       9.05710417
36 9       9.64477826
36 10      10.30120160
36 11      11.02265524
36 12      11.80346395
36 13      12.63564716
36 14      13.50864572
36 15      14.40916939
36 16      15.32120871
36 17      16.22624828
36 18      17.10370447
36 19      17.93159144
36 20      18.68739510
36 21      19.34910882
36 22      19.89636109
36 23      20.31154684
36 24      20.58086500
36 25      20.69516670
36 26      20.65053255
36 27      20.44852186
36 28      20.09606906
36 29      19.60503811
36 30      18.99147979
36 31      18.27466489
36 32      17.47598426
36 33      16.61781353
36 34      15.72243514
36 35      14.81109500
36 36      13.90324963
36 37      13.01603379
36 38      12.16395413
36 39      11.35879308
36 40      10.60969112
36 41       9.92336655
36 42       9.30442861
36 43       8.75574205
36 44       8.27880704
36 45       7.87412663
36 46       7.54154223
36 47       7.28052588
36 48       7.09042476
36 49       6.97065804

37 0       6.69330671
37 1       6.71050982
37 2       6.79163457
37 3       6.93674927
37 4       7.14610780
37 5       7.42004441
37 6       7.75882894
37 7       8.16247940
37 8       8.63053091
37 9       9.16176383
37 10       9.75389907
37 11      10.40327504
37 12      11.10452771
37 13      11.85030272
37 14      12.63103365
37 15      13.43482412
37 16      14.24746989
37 17      15.05265165
37 18      15.83231725
37 19      16.56725611
37 20      17.23784820
37 21      17.82494857
37 22      18.31084857
37 23      18.68023964
37 24      18.92109766
37 25      19.02540759
37 26      18.98965965
37 27      18.81506837
37 28      18.50749329
37 29      18.07706937
37 30      17.53758405
37 31      16.90566150
37 32      16.19983009
37 33      15.43955503
37 34      14.64431455
37 35      13.83278542
37 36      13.02218587
37 37      12.22780275
37 38      11.46270919
37 39      10.73766072
37 40      10.06114465
37 41       9.43954893
37 42       8.87741402
37 43       8.37773235
37 44       7.94226494
37 45       7.57185087
37 46       7.26669259
37 47       7.02660647
37 48       6.85123390
37 49       6.74021208

38 0       6.46811074
38 1       6.48270049
38 2       6.55560615
38 3       6.68680295
38 4       6.87636654
38 5       7.12438572
38 6       7.43084100
38 7       7.79544703
38 8       8.21745868
38 9       8.69544398
38 10       9.22703080
38 11       9.80864017
38 12      10.43522432
38 13      11.10003353
38 14      11.79444039
38 15      12.50785224
38 16      13.22774170
38 17      13.93981996
38 18      14.62836813
38 19      15.27672811
38 20      15.86793815
38 21      16.38548034
38 22      16.81409111
38 23      17.14057316
38 24      17.35454090
38 25      17.44903268
38 26      17.42093252
38 27      17.27116080
38 28      17.00461544
38 29      16.62986971
38 30      16.15865638
38 31      15.60518779
38 32      14.98537442
38 33      14.31600990
38 34      13.61398763
38 35      12.89560456
38 36      12.17599299
38 37      11.46870404
38 38      10.78544953
38 39      10.13599360
38 40       9.52817434
38 41       8.96802828
38 42       8.45998786
38 43       8.00712260
38 44       7.61139844
38 45       7.27393443
38 46       6.99524190
38 47       6.77543650
38 48       6.61441821
38 49       6.51201780

39 0       6.24874285
39 1       6.26110246
39 2       6.32649073
39 3       6.44480436
39 4       6.61596749
39 5       6.83986031
39 6       7.11621863
39 7       7.44450303
39 8       7.82373850
39 9       8.25232722
39 10       8.72784125
39 11       9.24680572
39 12       9.80448803
39 13      10.39471282
39 14      11.00972626
39 15      11.64013459
39 16      12.27494110
39 17      12.90170136
39 18      13.50680853
39 19      14.07590966
39 20      14.59444017
39 21      15.04824960
39 22      15.42427821
39 23      15.71123411
39 24      15.90021508
39 25      15.98522051
39 26      15.96350636
39 27      15.83574942
39 28      15.60600543
39 29      15.28146523
39 30      14.87203273
39 31      14.38976458
39 32      13.84822240
39 33      13.26179315
39 34      12.64503136
39 35      12.01206931
39 36      11.37612970
39 37      10.74916153
39 38      10.14160585
39 39       9.56228584
39 40       9.01840584
39 41       8.51563816
39 42       8.05827339
39 43       7.64941056
39 44       7.29116564
39 45       6.98488121
39 46       6.73132406
39 47       6.53086231
39 48       6.38361705
39 49       6.28958652

40 0       6.03838720
40 1       6.04891477
40 2       6.10756179
40 3       6.21416050
40 4       6.36850955
40 5       6.57031648
40 6       6.81911564
40 7       7.11416113
40 8       7.45429587
40 9       7.83779951
40 10       8.26222125
40 11       8.72420653
40 12       9.21933047
40 13       9.74195431
40 14      10.28512383
40 15      10.84052978
40 16      11.39854967
40 17      11.94838639
40 18      12.47831270
40 19      12.97602204
40 20      13.42907466
40 21      13.82541713
40 22      14.15394224
40 23      14.40504854
40 24      14.57115433
40 25      14.64712171
40 26      14.63055255
40 27      14.52192877
40 28      14.32458384
40 29      14.04450853
40 30      13.69000924
40 31      13.27125102
40 32      12.79972572
40 33      12.28769045
40 34      11.74761996
40 35      11.19171089
40 36      10.63146682
40 37      10.07738197
40 38       9.53873014
40 39       9.02345567
40 40       8.53815490
40 41       8.08813171
40 42       7.67750801
40 43       7.30937000
40 44       6.98593273
40 45       6.70870844
40 46       6.47866758
40 47       6.29638473
40 48       6.16216481
40 49       6.07614722

41 0       5.83992438
41 1       5.84902287
41 2       5.90175351
41 3       5.99789710
41 4       6.13715105
41 5       6.31908367
41 6       6.54306795
41 7       6.80819518
41 8       7.11316938
41 9       7.45618569
41 10       7.83479760
41 11       8.24578084
41 12       8.68500447
41 13       9.14732233
41 14       9.62650006
41 15      10.11519362
41 16      10.60499430
41 17      11.08655238
41 18      11.54978618
41 19      11.98417626
41 20      12.37913568
41 21      12.72443842
41 22      13.01067938
41 23      13.22973314
41 24      13.37517541
41 25      13.44263144
41 26      13.43002076
41 27      13.33767585
41 28      13.16832400
41 29      12.92693406
41 30      12.62044253
41 31      12.25738394
41 32      11.84745784
41 33      11.40106836
41 34      10.92887150
41 35      10.44136120
41 36       9.94851802
41 37       9.45953580
41 38       8.98263273
41 39       8.52494516
41 40       8.09249596
41 41       7.69022493
41 42       7.32206632
41 43       6.99105821
41 44       6.69946969
41 45       6.44893377
41 46       6.24057653
41 47       6.07513584
41 48       5.95306511
41 49       5.87461965

42 0       5.65591782
42 1       5.66398669
42 2       5.71165237
42 3       5.79865583
42 4       5.92461498
42 5       6.08898872
42 6       6.29102429
42 7       6.52968837
42 8       6.80358324
42 9       7.11085092
42 10       7.44906951
42 11       7.81514833
42 12       8.20523053
42 13       8.61461363
42 14       9.03770006
42 15       9.46799028
42 16       9.89812994
42 17      10.32002033
42 18      10.72499708
42 19      11.10407638
42 20      11.44826121
42 21      11.74889300
42 22      11.99802752
42 23      12.18880876
42 24      12.31581228
42 25      12.37532947
42 26      12.36556847
42 27      12.28675374
42 28      12.14111535
42 29      11.93276908
42 30      11.66749830
42 31      11.35245699
42 32      10.99581932
42 33      10.60640433
42 34      10.19330362
42 35       9.76553733
42 36       9.33175795
42 37       8.90001498
42 38       8.47758667
42 39       8.07087818
42 40       7.68538077
42 41       7.32568255
42 42       6.99551938
42 43       6.69785395
42 44       6.43497174
42 45       6.20858404
42 46       6.01993005
42 47       5.86987204
42 48       5.75897972
42 49       5.68760098

43 0       5.48861112
43 1       5.49603963
43 2       5.53950021
43 3       5.61870395
43 4       5.73320794
43 5       5.88238733
43 6       6.06539389
43 7       6.28110172
43 8       6.52804160
43 9       6.80432655
43 10       7.10757234
43 11       7.43481854
43 12       7.78245696
43 13       8.14617603
43 14       8.52093052
43 15       8.90094614
43 16       9.27976813
43 17       9.65036031
43 18      10.00525836
43 19      10.33677614
43 20      10.63725883
43 21      10.89937102
43 22      11.11640301
43 23      11.28257436
43 24      11.39331235
43 25      11.44548276
43 26      11.43755375
43 27      11.36967867
43 28      11.24369036
43 29      11.06300761
43 30      10.83246205
43 31      10.55806041
43 32      10.24670186
43 33       9.90587298
43 34       9.54334251
43 35       9.16687605
43 36       8.78398683
43 37       8.40173354
43 38       8.02657089
43 39       7.66425328
43 40       7.31978805
43 41       6.99743135
43 42       6.70071808
43 43       6.43251660
43 44       6.19509922
43 45       5.99022042
43 46       5.81919633
43 47       5.68298002
43 48       5.58222923
43 49       5.51736375

44 0       5.33993379
44 1       5.34709608
44 2       5.38720586
44 3       5.45995260
44 4       5.56484812
44 5       5.70120500
44 6       5.86810425
44 7       6.06435296
44 8       6.28843352
44 9       6.53844668
44 10       6.81205184
44 11       7.10640907
44 12       7.41812853
44 13       7.74323408
44 14       8.07714826
44 15       8.41470618
44 16       8.75020480
44 17       9.07749269
44 18       9.39010242
44 19       9.68142440
44 20       9.94491687
44 21      10.17434243
44 22      10.36401765
44 23      10.50905950
44 24      10.60561066
44 25      10.65102639
44 26      10.64400760
44 27      10.58466892
44 28      10.47453606
44 29      10.31647245
44 30      10.11454162
44 31       9.87381663
44 32       9.60015200
44 33       9.29993568
44 34       8.97983856
44 35       8.64657773
44 36       8.30670660
44 37       7.96644114
44 38       7.63152732
44 39       7.30715098
44 40       6.99788762
44 41       6.70768759
44 42       6.43988992
44 43       6.19725794
44 44       5.98202933
44 45       5.79597436
44 46       5.64045668
44 47       5.51649217
44 48       5.42480272
44 49       5.36586227

45 0       5.21151281
45 1       5.21876451
45 2       5.25636229
45 3       5.32398059
45 4       5.42109840
45 5       5.54698262
45 6       5.70066277
45 7       5.88089823
45 8       6.08613928
45 9       6.31448415
45 10       6.56363513
45 11       6.83085729
45 12       7.11294467
45 13       7.40619908
45 14       7.70642735
45 15       8.00896238
45 16       8.30871319
45 17       8.60024713
45 18       8.87790577
45 19       9.13595307
45 20       9.36875105
45 21       9.57095538
45 22       9.73771996
45 23       9.86489759
45 24       9.94922277
45 25       9.98846297
45 26       9.98152629
45 27       9.92851691
45 28       9.83073362
45 29       9.69061140
45 30       9.51161090
45 31       9.29806458
45 32       9.05499154
45 33       8.78789461
45 34       8.50255380
45 35       8.20482885
45 36       7.90048170
45 37       7.59502658
45 38       7.29361241
45 39       7.00093888
45 40       6.72120506
45 41       6.45808702
45 42       6.21473992
45 43       5.99381893
45 44       5.79751346
45 45       5.62758955
45 46       5.48543564
45 47       5.37210810
45 48       5.28837346
45 49       5.23474508

46 0       5.10468764
46 1       5.11236387
46 2       5.14826661
46 3       5.21206031
46 4       5.30320088
46 5       5.42092238
46 6       5.56421726
46 7       5.73181074
46 8       5.92213108
46 9       6.13327752
46 10       6.36298857
46 11       6.60861385
46 12       6.86709336
46 13       7.13494817
46 14       7.40828733
46 15       7.68283474
46 16       7.95397997
46 17       8.21685493
46 18       8.46643738
46 19       8.69767930
46 20       8.90565646
46 21       9.08573230
46 22       9.23372762
46 23       9.34608571
46 24       9.42002168
46 25       9.45364543
46 26       9.44604882
46 27       9.39735013
46 28       9.30869232
46 29       9.18219497
46 30       9.02086362
46 31       8.82846355
46 32       8.60936716
46 33       8.36838600
46 34       8.11059830
46 35       7.84118265
46 36       7.56526638
46 37       7.28779532
46 38       7.01342898
46 39       6.74646279
46 40       6.49077687
46 41       6.24980900
46 42       6.02654832
46 43       5.82354550
46 44       5.64293507
46 45       5.48646555
46 46       5.35553365
46 47       5.25121913
46 48       5.17431786
46 49       5.12537080

47 0       5.02052649
47 1       5.02894103
47 2       5.06394059
47 3       5.12518359
47 4       5.21211008
47 5       5.32393091
47 6       5.45961155
47 7       5.61785185
47 8       5.79706293
47 9       5.99534324
47 10       6.21045596
47 11       6.43981078
47 12       6.68045299
47 13       6.92906348
47 14       7.18197310
47 15       7.43519443
47 16       7.68447362
47 17       7.92536360
47 18       8.15331880
47 19       8.36380955
47 20       8.55245234
47 21       8.71515052
47 22       8.84823801
47 23       8.94861760
47 24       9.01388494
47 25       9.04242954
47 26       9.03350558
47 27       8.98726701
47 28       8.90476415
47 29       8.78790210
47 30       8.63936377
47 31       8.46250317
47 32       8.26121659
47 33       8.03980026
47 34       7.80280363
47 35       7.55488659
47 36       7.30068803
47 37       7.04471126
47 38       6.79122987
47 39       6.54421572
47 40       6.30728895
47 41       6.08368840
47 42       5.87625986
47 43       5.68745883
47 44       5.51936426
47 45       5.37369980
47 46       5.25185921
47 47       5.15493325
47 48       5.08373548
47 49       5.03882526

48 0       4.95984203
48 1       4.96928732
48 2       5.00414989
48 3       5.06408504
48 4       5.14852253
48 5       5.25665686
48 6       5.38743347
48 7       5.53953178
48 8       5.71134661
48 9       5.90096971
48 10       6.10617365
48 11       6.32440055
48 12       6.55275842
48 13       6.78802807
48 14       7.02668325
48 15       7.26492665
48 16       7.49874325
48 17       7.72397210
48 18       7.93639583
48 19       8.13184600
48 20       8.30632074
48 21       8.45610960
48 22       8.57791926
48 23       8.66899284
48 24       8.72721555
48 25       8.75119944
48 26       8.74034141
48 27       8.69485030
48 28       8.61574083
48 29       8.50479490
48 30       8.36449279
48 31       8.19791907
48 32       8.00864955
48 33       7.80062663
48 34       7.57803049
48 35       7.34515331
48 36       7.10628263
48 37       6.86559871
48 38       6.62708892
48 39       6.39448091
48 40       6.17119459
48 41       5.96031169
48 42       5.76456104
48 43       5.58631668
48 44       5.42760608
48 45       5.29012532
48 46       5.17525840
48 47       5.08409840
48 48       5.01746800
48 49       4.97593797

49 0       4.92320502
49 1       4.93395285
49 2       4.96942021
49 3       5.02926170
49 4       5.11290105
49 5       5.21952162
49 6       5.34805348
49 7       5.49715805
49 8       5.66521190
49 9       5.85029152
49 10       6.05016098
49 11       6.26226519
49 12       6.48373104
49 13       6.71137913
49 14       6.94174843
49 15       7.17113583
49 16       7.39565186
49 17       7.61129287
49 18       7.81402880
49 19       7.99990436
49 20       8.16514994
49 21       8.30629752
49 22       8.42029563
49 23       8.50461690
49 24       8.55735165
49 25       8.57728149
49 26       8.56392788
49 27       8.51757233
49 28       8.43924671
49 29       8.33069422
49 30       8.19430383
49 31       8.03302243
49 32       7.85025041
49 33       7.64972725
49 34       7.43541371
49 35       7.21137681
49 36       6.98168310
49 37       6.75030435
49 38       6.52103847
49 39       6.29744707
49 40       6.08280990
49 41       5.88009503
49 42       5.69194320
49 43       5.52066388
49 44       5.36824049
49 45       5.23634220
49 46       5.12633963
49 47       5.03932225
49 48       4.97611560
49 49       4.93729646

